333226
290517
101600
107472
129164
265825
71836
97468
58367
208660
218145
232964
78056
45253
211184
45050
125901
24957
273477
99442
62006
237822
101625
250399
231503
20936
156346
190651
203795
224570
211254
266546
27643
167258
75625
167258
251399
329105
27008
3953
287910
84139
75248
170374
43460
128314
135027
124779
42938
328883
194365
86097
174171
4445
197910
120141
24024
296949
133468
50302
318284
18811
244671
54015
325525
144450
281542
328361
193186
259519
23111
299306
253429
181924
282324
176358
312176
159348
143818
77790
37173
18887
244443
315935
31793
34854
231904
120918
62111
226056
264247
39105
96515
151383
180068
324109
5665
38037
140454
109376
217280
8582
316580
245449
167276
234614
117917
73251
18202
77818
148123
308758
283734
245146
75011
206884
56311
11487
160522
307290
266254
77188
144147
76064
55456
135655
73694
9061
306527
49959
45045
100209
31292
217878
41699
143538
311616
69686
260918
1294
52116
260754
71343
235083
181839
211378
238089
5199
127934
211780
127630
209863
253850
103842
62053
196501
139509
251937
104591
310188
186541
300630
306887
98401
281455
51441
90158
49225
82305
197528
127744
26577
78407
268687
245063
101317
288248
302527
232915
62731
204029
284483
304361
151672
311532
259417
116974
263830
244710
202025
280967
280967
280967
280967
280967
280967
280967
280967
280967
280967
280967
280967
280967
280967
280967
280967
280967
280967
280967
280967
280967
280967
280967
280967
280967
280967
280967
280967
280967
280967
280967
280967
280967
280967
280967
280967
280967
280967
280967
280967
280967
280967
280967
280967
280967
280967
280967
280967
280967
280967
280967
280967
280967
280967
280967
280967
280967
280967
280967
280967
280967
