333226
290517
240413
179790
129164
79351
58106
145021
243946
50260
263773
197218
318342
224777
136010
130063
104845
113615
183039
109426
302159
184250
195559
102468
27996
192369
120905
200308
329820
49400
70077
285257
285889
182921
275579
91608
195826
130076
61688
50738
297063
289683
150757
94213
166945
263504
136932
273871
230467
322580
45158
46247
21682
118868
207221
236956
124475
113701
55774
90853
59468
261441
162134
195830
163388
304601
299306
181614
65776
322340
254689
190283
155034
50648
303561
144507
164124
125684
329745
27514
32391
183617
307523
233036
304331
233036
219830
11535
158615
105840
302800
220425
219576
324577
78477
102649
276303
85931
114435
301808
145606
216356
249680
255143
40773
3632
259173
326064
7552
113286
88236
154100
54325
53812
314963
178709
193569
336390
258950
68336
115104
192508
160789
119218
21637
182517
15755
90780
218145
144453
45479
272648
45253
196504
210706
297177
279143
295180
198099
302159
238931
197153
10048
269758
226458
70363
84789
154795
229036
140581
301831
110099
303159
55339
243782
113487
136337
292925
301359
328993
73499
21563
263058
211262
73649
218947
102627
28210
124468
274646
281675
1309
99854
147125
119361
76545
165777
101130
221354
219897
151358
31480
101471
281335
113371
295326
86906
332749
339663
339663
339663
339663
339663
339663
339663
339663
339663
339663
339663
339663
339663
339663
339663
339663
339663
339663
339663
339663
339663
339663
339663
339663
339663
339663
339663
339663
339663
339663
339663
339663
339663
339663
339663
339663
339663
339663
339663
339663
339663
339663
339663
339663
339663
339663
339663
339663
339663
339663
339663
339663
339663
339663
339663
339663
339663
339663
339663
339663
339663
339663
339663
