13328
12346
13090
12346
13090
12346
13090
12346
13090
12346
13090
12346
13090
7863
271
12721
10489
7863
10489
7863
10489
865
15999
17185
17410
2789
8561
16719
17839
10723
14889
12773
5776
10785
16206
8491
11359
8491
11359
14572
14097
14572
14019
9267
9061
12607
5291
15575
14117
16576
16792
16576
16792
10228
12205
10597
1464
10597
1464
726
4663
726
4663
726
1283
2866
12017
144
5486
11266
16900
11643
1500
5133
7695
5133
7695
5133
8343
17052
16988
7836
10248
1443
6395
15915
6395
5307
5600
4389
5600
4389
4049
5098
8962
13895
16329
8863
16329
192
16343
8025
4460
11071
16343
1367
7322
12612
7322
13311
11527
11830
11527
11830
17759
11373
17245
5041
8922
6116
14571
6116
2343
10052
8498
10052
8498
15006
7020
15006
2435
11246
4814
889
14882
13251
13808
9739
13161
7745
13161
13011
13624
11973
10138
7121
10107
3872
10107
12963
703
14109
14322
15527
14541
17430
16898
7640
606
10073
7940
17177
8197
15686
17291
5088
14662
6546
14173
15989
15137
15351
3624
11462
4830
10986
2405
17971
16278
12753
16957
6796
7710
16306
12929
17929
10778
7438
17275
14147
15422
8438
14737
10703
2758
14170
16465
10446
15932
16828
6843
9004
17466
15130
746
17970
10010
13743
12905
13218
12355
12356
13402
12492
17794
16543
11424
13406
16993
17061
5538
6471
14531
16854
17499
13741
9679
12535
16054
955
8781
13185
13141
15319
17212
2567
17006
4356
15664
1900
7682
319
8803
13006
8484
1813
17872
11736
13966
15921
8799
