13328
17232
13328
17232
13328
17232
14984
10289
13090
7863
10489
865
17410
2789
8561
12838
14889
12773
16206
12773
16206
8491
11359
14572
14019
9267
9061
12607
16351
15867
14117
15867
14117
16576
14105
8724
2893
15514
4462
15514
4462
15653
2131
1184
6730
15653
2131
6705
6146
6250
13747
1911
13747
1911
13747
1911
17356
545
11459
9441
11459
3456
13650
7550
13650
7550
13650
10767
4628
2139
1650
1327
8791
8235
8791
8235
7371
887
11621
7332
8587
7332
13727
11061
10494
14440
12744
4631
15412
5409
2627
16167
17523
8970
11063
339
11063
339
4084
15875
10527
647
9318
13120
9318
15387
9639
15387
15701
15934
14459
10958
13092
3420
4001
1003
13268
1003
9928
12775
9928
16896
11091
1211
2154
2606
11986
12466
17832
15621
10107
12963
124
4433
14322
15527
14541
17430
16898
7640
10111
2609
11259
6291
5756
17306
17291
5088
14662
6546
14173
15989
16913
17570
3624
11462
9772
16645
2405
17971
3047
5093
16957
6796
7710
16306
12929
17929
10778
7438
17275
14147
3450
14866
14737
10703
12098
17897
16465
10446
15932
16828
15819
7813
17466
15130
746
17970
17835
1471
304
15625
12355
12356
13402
12492
17794
16543
14565
13164
16993
17061
5538
6471
12857
11333
17499
13741
9679
12535
12286
15555
8781
13185
13141
15319
17212
2567
17006
4356
15664
1900
2797
15623
8803
13006
13637
15468
17872
11736
13966
15921
17810
17930
14404
4226
7799
4439
17922
4369
16728
10565
7253
13749
7490
14770
11693
10235
17631
17950
5549
