13328
17232
13328
12346
13090
12346
13565
12721
10489
865
17410
2789
17839
10723
14889
10723
14889
10723
14889
12773
16206
12773
16206
8491
11359
8491
11359
8491
11359
8491
11359
8491
11359
14572
14097
16333
9061
9267
16016
725
5291
12607
16351
725
16351
725
5291
12607
16351
15867
14117
15867
5783
8724
14105
8724
2893
6910
8823
6685
8823
8645
1667
8645
11600
14163
1129
14163
5522
3729
14652
5637
14134
15025
14794
6946
6441
7955
4628
2139
16679
8235
8791
14223
5547
791
11621
7332
13727
6664
8587
159
10494
159
9769
11916
12744
11916
12744
11916
8502
5958
15412
5409
14849
5409
17859
8970
4084
15875
6864
15875
8563
12512
13405
5140
307
975
16285
815
4287
815
16806
7989
176
13097
7503
13097
7503
12044
11091
1211
10153
1211
1627
1221
8002
1914
17832
15621
17496
2681
703
14109
14322
15527
14541
17430
16898
7640
10111
2609
11259
6291
8197
15686
17291
5088
14662
6546
14173
15989
16913
17570
3624
11462
9772
16645
2405
17971
16278
12753
16957
6796
16330
3997
12929
17929
9284
6998
17275
14147
15422
8438
14737
10703
12098
17897
16465
10446
15932
16828
6843
9004
17466
15130
746
17970
10010
13743
304
15625
16520
13466
346
3817
17794
16543
14565
13164
16993
17061
5538
6471
14531
16854
2142
15982
9679
12535
16054
955
8781
13185
13141
15319
17212
2567
17006
4356
15664
1900
2797
15623
8803
13006
8484
1813
17872
11736
13991
17623
8799
42
12337
11018
7799
4439
17922
4369
16728
