13328
12346
13090
12346
13090
7863
10489
7863
10489
7863
271
17185
17410
865
17410
865
17410
865
17410
865
17410
865
17410
865
17410
2789
8561
16719
17839
2789
17839
10723
14889
12773
16206
12773
16206
8491
11359
14572
14097
16333
16016
725
16351
725
16351
725
16351
15867
14117
15867
14117
15867
5783
15575
14117
16576
14105
8724
14105
10416
15877
10416
1667
1184
2131
6705
8489
4654
12357
4654
2187
12439
12357
4881
17858
7404
4015
15753
8980
11330
14494
14159
12275
6265
15860
14159
1238
2139
1650
9859
1238
10938
8791
14223
9022
3425
8587
159
10494
159
16210
6788
14264
13579
12744
4631
15412
2986
2150
15584
8677
9651
17859
15584
8677
9651
15399
13282
4084
15875
10527
647
307
975
16285
815
2010
6437
11632
15707
9928
12775
9928
12775
17716
3839
13085
5956
13085
17111
2154
2606
8002
1914
17840
3872
17496
2681
703
14109
15692
112
12428
7537
15441
3443
606
10073
11259
6291
8197
15686
17291
5088
14662
6546
14173
15989
15137
15351
8780
13729
9772
16645
3286
3401
16278
12753
10573
15903
16330
3997
12929
17929
10778
7438
17275
14147
15422
8438
14737
10703
12098
17897
16465
10446
15932
16828
6843
9004
17466
15130
1519
2554
10010
13743
304
15625
12355
12356
346
3817
17794
16543
14565
13164
16993
17061
3282
1108
12857
11333
2142
15982
9679
12535
16054
955
8781
13185
5811
14668
17212
2567
87
655
11169
224
2797
15623
8803
13006
8484
1813
17872
11736
13966
15921
8799
