13328
17232
13328
12346
13090
12346
13090
7863
10489
7863
10489
7863
10489
7863
271
17185
17410
865
15999
16719
17839
2789
17839
2789
17839
10723
5688
12838
8171
9892
14208
501
16914
2630
1057
3911
14826
4178
2294
3911
14826
4178
2294
3911
6993
903
6993
903
10901
5655
2186
11237
5267
8183
5267
8183
7686
10427
14924
10427
739
3494
13560
595
6397
12707
17233
2990
2188
139
741
11021
3505
8592
9435
4513
9311
5394
3521
13866
16221
8227
4309
2988
3298
2988
4042
12603
12119
12609
1422
7350
11076
7824
17181
2265
5207
2265
16582
1079
4526
10909
5032
6896
17728
7530
8346
13881
9993
11728
12209
11728
12209
3035
6608
3881
15434
334
4766
9649
17876
10368
17449
6902
6184
10579
13383
5956
13085
17111
1627
1221
8002
1914
17832
15621
10107
12963
703
14109
14322
15527
14541
17430
15441
3443
606
10073
11259
6291
5756
17306
17291
5088
12693
11050
14173
15989
16913
17570
8780
13729
9772
16645
2405
17971
3047
5093
16957
6796
16330
3997
12929
17929
9284
6998
17275
14147
3450
14866
14737
10703
12098
17897
16465
10446
5615
10334
6843
9004
7774
13628
746
17970
10010
13743
12905
13218
12355
12356
13402
12492
17794
16543
14565
13164
16993
17061
3282
1108
12857
11333
17499
13741
9679
12535
12286
15555
8781
13185
5811
14668
17212
2567
87
655
15664
1900
2797
15623
8803
13006
8484
1813
1739
17689
13966
15921
8799
42
12337
11018
7799
4439
17922
4369
16728
10565
6731
10603
7490
