4718
251
37
107
88
411
226
441
1
166
226
441
57
68
226
441
1
166
254
40
78
274
254
40
94
3650
254
40
78
274
1431
1190
1202
4392
1815
2139
780
4777
2399
4924
879
1114
2143
3305
1987
1135
1177
3305
668
3719
4314
4366
4314
3644
3928
4107
4314
4366
2934
1880
3038
900
4041
3405
2766
3536
2952
4853
3743
3934
2804
441
475
3372
3090
3231
82
2632
1447
2628
538
3842
2212
1789
4205
3722
3928
1880
3038
3722
2012
1609
702
2790
879
2790
3310
2000
2359
3148
2503
3148
2503
210
3
3315
4027
1730
1042
2374
3582
210
3
3315
1485
4818
1183
2871
1485
3792
776
3785
1784
1049
1917
2253
1387
3658
4285
4461
4343
4343
4343
4343
4343
4343
4343
4343
4343
4343
4343
4343
4343
4343
4343
4343
4343
4343
4343
4343
4343
4343
4343
4343
4343
4343
4343
4343
4343
4343
4343
4343
4343
4343
4343
4343
4343
4343
4343
4343
4343
4343
4343
4343
4343
4343
4343
4343
4343
4343
4343
4343
4343
4343
4343
4343
4343
4343
4343
4343
4343
4343
4343
4343
4343
4343
4343
4343
4343
4343
4343
4343
4343
4343
4343
4343
4343
4343
4343
4343
4343
4343
4343
4343
4343
4343
4343
4343
4343
4343
4343
4343
4343
4343
4343
4343
4343
4343
4343
4343
4343
4343
4343
4343
4343
4343
4343
4343
4343
4343
4343
4343
4343
4343
4343
4343
4343
4343
4343
4343
4343
