4718
251
178
251
109
51
65
90
37
107
178
251
109
51
109
51
65
90
65
90
37
107
88
411
226
441
475
55
475
55
226
441
1
166
226
441
88
411
226
441
88
411
37
107
88
411
226
441
1
166
254
40
1
166
84
45
319
18
84
45
319
18
319
18
283
108
319
18
283
108
28
351
262
232
135
258
93
1424
526
4930
643
2912
300
316
316
316
316
316
316
316
316
316
316
316
316
316
316
316
316
316
316
316
316
316
316
316
316
316
316
316
316
316
316
316
316
316
316
316
316
316
316
316
316
316
316
316
316
316
316
316
316
316
316
316
316
316
316
316
316
316
316
316
316
316
316
316
316
316
316
316
316
316
316
316
316
316
316
316
316
316
316
316
316
316
316
316
316
316
316
316
316
316
316
316
316
316
316
316
316
316
316
316
316
316
316
316
316
316
316
316
316
316
316
316
316
316
316
316
316
316
316
316
316
316
316
316
316
316
316
316
316
316
316
316
316
316
316
316
316
316
316
316
316
316
316
316
316
316
316
316
316
316
316
316
316
316
316
316
316
316
316
316
316
316
316
316
316
316
316
316
316
