4718
251
37
107
178
251
178
251
37
107
65
90
109
51
178
251
37
107
101
106
113
278
282
91
113
278
310
22
113
278
169
181
298
239
97
117
73
218
448
146
73
218
5
245
73
218
448
146
303
179
448
146
448
146
298
239
633
273
234
482
52
347
225
2183
4163
3919
2114
2642
1003
3717
1825
2038
4593
1876
4913
2038
4593
1876
138
103
445
203
183
248
183
210
2363
2374
3582
1730
1042
2537
3520
1730
1042
2537
204
2498
2887
974
1431
4628
78
274
254
40
1496
1774
283
108
94
356
3307
4628
78
274
257
182
78
274
1431
4628
780
4392
2503
210
3582
248
183
248
71
675
3381
2806
4524
3460
4913
2358
4669
4357
3071
2358
4669
1876
138
103
276
211
2114
3486
752
2509
1155
3863
276
211
138
103
866
1249
1647
304
71
261
183
248
71
261
183
248
71
261
294
304
294
304
165
200
294
304
165
200
165
200
294
304
71
261
183
248
183
3667
3199
3667
3124
3517
93
350
94
356
254
40
94
356
325
566
2124
1929
1631
547
71
769
1631
1612
4112
261
183
248
71
261
554
103
445
4197
183
977
1300
627
4413
1339
526
4930
789
232
262
232
135
258
262
232
79
244
14
227
28
1524
3044
2555
2682
1895
4488
