13328
12346
13090
12346
13565
12721
10489
865
17410
865
17410
2789
8561
12838
14889
12773
16206
8491
11359
14572
14097
14572
14097
14572
14019
8286
14019
9267
9061
9267
9061
12607
1883
6329
2529
6685
17125
6674
12021
2093
12021
2093
12021
8956
3982
6497
3982
6497
3982
6497
5891
1674
14134
5126
3529
1674
3529
12353
6185
15025
14794
6946
6441
7955
7339
12631
16679
12631
16441
16532
16441
16532
8565
15648
15431
2743
2178
11056
8077
2760
8077
15453
552
2868
4617
6426
3259
6426
3608
1603
3608
11207
12073
17167
15399
13282
11899
13244
14006
7144
1501
7144
17826
12164
7192
13815
9822
5566
12245
11919
5257
8836
17449
6902
6184
10579
13383
5956
13085
17111
2154
2606
8002
1914
17840
3872
17496
2681
703
14109
15692
112
12428
7537
16898
7640
10111
2609
11259
6291
8197
15686
17291
5088
14662
6546
14173
15989
16913
17570
3624
11462
9772
16645
2405
17971
3047
5093
10573
15903
7710
16306
12929
17929
10778
7438
16300
1888
15422
8438
2428
9686
2758
14170
16465
10446
5615
10334
6843
9004
7774
13628
746
17970
10010
13743
304
15625
12355
12356
13402
12492
17794
16543
14565
13164
16993
17061
5538
6471
12857
11333
2142
15982
9679
12535
16054
955
12769
10151
5811
14668
17212
2567
87
655
15664
1900
2797
15623
8803
13006
8484
1813
1739
17689
13966
15921
8799
42
12337
11018
7799
4439
17922
4369
16728
10565
7253
13749
4737
648
11693
10235
17631
17950
7039
17857
14657
4035
2611
