13328
12346
13090
7863
10489
865
15999
16719
8561
12838
14889
12773
16206
8491
11359
8491
11359
14572
14097
14572
14019
9267
16016
16333
9061
12607
5291
12607
1883
465
1883
465
9579
3405
7288
5716
12462
1824
10867
5716
3085
5988
11647
10977
11647
10977
3666
17105
12640
9078
3897
345
7918
1423
9697
8428
9697
8428
10658
1423
6649
2768
17500
9843
17500
9843
14761
215
4042
12603
332
3023
9562
11716
3292
12091
2149
17150
15443
10679
8354
10679
8354
9425
920
2507
10145
7165
8346
11010
8346
13881
9993
11728
12209
3035
6608
3881
15434
334
1436
100
14327
8836
17449
6902
6184
10579
13383
5956
13085
17111
1627
1221
11986
12466
17832
15621
17496
2681
703
14109
15692
112
14541
17430
16898
7640
10111
2609
11259
6291
8197
15686
4565
10422
14662
6546
14173
15989
16913
17570
3624
11462
4830
10986
2405
17971
16278
12753
10573
15903
7710
16306
12929
17929
10778
7438
17275
14147
3450
14866
2428
9686
12098
17897
17633
8641
15932
16828
15819
7813
17466
15130
746
17970
17835
1471
304
15625
16520
13466
13402
12492
17794
16543
14565
13164
5568
13368
5538
6471
12857
11333
17499
13741
9679
12535
12286
15555
8781
13185
13141
15319
17212
2567
87
655
11169
224
7682
319
8803
13006
8484
1813
1739
17689
13991
17623
8799
42
12337
11018
7799
4439
17922
4369
16728
10565
7253
13749
7490
14770
11693
10235
17631
17950
5549
11299
17335
8989
2611
7232
6692
16975
7655
9661
17450
7634
5976
