13328
12346
13090
7863
10489
7863
10489
865
17410
865
15999
17185
17410
865
17410
2789
17839
10723
14889
12773
16206
12773
16206
12773
16206
8491
11359
14572
14097
16333
16016
725
16351
15867
5783
8724
14105
10416
12205
10228
15877
10416
4462
15653
1464
726
15168
4105
1283
2866
2187
16189
3548
15753
4805
9704
8457
6679
8651
13638
16346
7040
7499
9684
7499
9684
10248
1443
5412
5098
4049
7783
6915
3290
16329
8863
11918
8025
4460
7358
7322
12612
7322
13311
11527
2317
15028
6724
15028
6724
17245
3386
458
3386
2343
9644
9303
15074
9639
15387
16285
815
4287
11902
11363
9114
4814
889
14766
2344
7243
12044
11091
16896
13085
17111
2154
2606
11986
12466
17832
15621
17496
2681
124
4433
15692
112
14541
17430
15441
3443
10111
2609
11259
6291
8197
15686
4565
10422
14662
6546
14173
15989
16913
17570
3624
11462
9772
16645
2405
17971
3047
5093
16957
6796
16330
3997
12929
17929
10778
7438
16300
1888
15422
8438
14737
10703
12098
17897
17633
8641
15932
16828
15819
7813
7774
13628
746
17970
17835
1471
304
15625
12355
12356
346
3817
9420
957
14565
13164
16993
17061
5538
6471
12857
11333
17499
13741
17644
13189
12286
15555
8781
13185
5811
14668
7534
13454
17006
4356
15664
1900
7682
319
4832
10407
13637
15468
17872
11736
13966
15921
8799
42
12337
11018
7799
4439
17922
4369
16728
10565
7253
13749
7490
14770
11693
10235
12665
5523
7039
17857
17335
8989
7410
3337
6692
16975
9572
