16487
967
4325
9100
4831
5929
12480
5820
10940
1095
1857
17178
9737
13303
1857
17178
10940
1095
1837
2679
12995
6106
14752
17036
14752
17036
5520
13402
5520
13402
14752
1547
4924
1547
4624
14211
4624
14211
4624
11220
1081
11220
195
12363
9737
3961
14694
2679
14769
10575
4575
5623
8889
5233
11778
10996
13461
16179
1206
10996
520
14664
9269
1358
9269
14870
9664
11634
5541
542
9664
11634
5541
1011
11348
17039
6770
16506
6296
8250
6296
12823
1075
12823
1075
12823
7200
3062
7200
3062
7200
3062
16276
1713
14580
14514
1649
10644
12911
2720
14397
10644
10342
4508
1294
4508
11430
15093
15677
15093
15677
15093
4225
13835
4515
5604
4225
4508
1294
9375
1525
13331
11763
15814
11763
15814
1525
13331
8555
16034
2357
8340
7613
4073
7814
1718
10100
4682
7334
14823
16428
5657
10014
5657
5404
5404
5404
5404
5404
5404
5404
5404
5404
5404
5404
5404
5404
5404
5404
5404
5404
5404
5404
5404
5404
5404
5404
5404
5404
5404
5404
5404
5404
5404
5404
5404
5404
5404
5404
5404
5404
5404
5404
5404
5404
5404
5404
5404
5404
5404
5404
5404
5404
5404
5404
5404
5404
5404
5404
5404
5404
5404
5404
5404
5404
5404
5404
5404
5404
5404
5404
5404
5404
5404
5404
5404
5404
5404
5404
5404
5404
5404
5404
5404
5404
5404
5404
5404
5404
5404
5404
5404
5404
5404
5404
5404
5404
5404
5404
5404
5404
5404
5404
5404
5404
5404
5404
5404
5404
5404
5404
