16487
967
4325
9100
10406
6632
10406
6632
8761
16012
5094
11078
15272
3247
15272
3247
16265
17837
6831
16239
16221
11600
6595
8058
13246
12669
17188
14634
3802
15498
14290
14535
6327
11400
14290
14535
8738
13608
3382
13621
14756
11989
5379
7330
12100
4313
11735
15887
832
2026
10757
2026
149
11533
1516
9356
14326
9184
9385
11078
1903
12526
13636
4270
13636
4270
14665
12390
5801
12390
12297
10522
17210
14191
16374
10522
17210
6901
8265
4179
13436
6901
4219
10325
7295
13938
2295
6814
3074
15571
470
16488
470
16488
14767
13869
4151
15078
17688
15579
4862
8091
17210
14191
8655
12403
6763
12070
15131
10361
15389
14189
919
3273
6640
3157
16238
15929
8259
3157
4006
9720
2676
733
14220
8887
14220
8887
14220
8887
2102
14106
10423
7297
10915
4315
9257
5396
5807
15899
15193
16875
14550
15899
2145
8770
12076
10040
13853
10963
9343
17558
9941
10430
12029
16565
850
4739
8431
17159
9733
7141
7783
12198
12663
5546
13198
5546
13021
16105
13198
3491
11552
9172
13198
7790
4926
10557
4332
7790
4926
10449
13198
3089
5517
16084
5354
12937
2162
5618
3516
12013
13021
16105
266
11097
3822
39
15891
2183
10947
3557
15629
4020
15744
10600
11302
5891
8898
16918
6426
5950
4666
14452
4726
13418
5192
15254
5766
4097
5192
8782
5649
12022
14879
13453
14879
16365
12334
8161
253
17388
16651
17648
9693
2604
9693
3577
8718
12664
4843
4843
4843
4843
4843
4843
4843
4843
4843
4843
4843
