16487
967
17360
16481
9273
11147
13512
3002
6600
5458
1271
3062
1075
12823
7200
14342
9171
8064
15460
14860
13798
1789
11177
9628
14768
9628
14768
10630
6143
2928
14329
160
6143
3622
8075
17701
13597
3260
14329
160
5251
14403
238
6935
7995
3622
1076
14715
7995
3622
8075
6550
5785
13644
657
6550
5785
9391
15704
15435
15704
6200
14126
6935
7995
3622
238
6935
238
6935
238
6935
17175
16756
17175
8570
1807
13108
5770
7766
2056
9050
5770
7766
2056
5358
10200
2681
11513
1497
11513
1497
15840
907
17002
3219
17002
3219
1442
907
17002
13482
7262
9391
11260
7193
6953
11093
12563
15298
3324
3268
13427
8416
11682
15382
13080
7859
3618
1336
2430
3750
16678
6809
3910
1882
899
6209
7285
6583
13656
17839
5401
12044
13656
17839
10468
16177
9337
12406
17400
7190
7771
12406
17400
7190
11892
7212
7485
38
8516
11553
9474
8521
14292
5232
6508
16543
4980
1825
15161
1201
8698
1825
844
16543
13798
1789
11177
14860
13798
2601
10700
5536
6757
4756
586
15606
8754
17868
36
16372
2418
8233
12538
9392
5101
4177
3198
6369
17319
1880
16701
1416
4678
1893
8390
15711
3046
15711
9893
13130
3046
15711
14837
5242
14837
5242
3046
15711
3046
15711
9893
9062
9771
11053
1518
8373
1518
8373
15041
160
2978
6709
17051
12564
16401
9851
6884
2743
270
7346
14660
16416
5821
3579
7186
7820
1367
6742
4377
2473
928
13480
9543
4429
928
13480
9543
4429
928
