16487
967
4325
432
1596
7823
14326
9184
4670
2807
13064
876
8154
16970
9329
6392
11810
15601
15516
5522
4862
8091
6763
1286
2571
613
15005
6178
16110
613
2884
15768
13172
3546
9677
3027
10979
921
8878
5522
15906
11118
14557
13885
15515
15056
14557
13885
10405
8926
11134
17105
16688
15078
17688
15579
4862
9260
359
7658
8276
9260
10972
1721
8276
3215
15516
5522
4862
3215
3877
4775
8154
1224
1405
17746
9042
15905
13436
6901
12297
4272
1405
17746
16984
2400
1405
17746
1405
17746
1405
17746
2552
1224
1405
12390
12297
6865
8537
12513
3342
4140
15853
6951
1236
10163
10419
5207
1003
11538
7848
2163
8527
15169
7799
14318
17103
7591
14919
14919
14919
14919
14919
14919
14919
14919
14919
14919
14919
14919
14919
14919
14919
14919
14919
14919
14919
14919
14919
14919
14919
14919
14919
14919
14919
14919
14919
14919
14919
14919
14919
14919
14919
14919
14919
14919
14919
14919
14919
14919
14919
14919
14919
14919
14919
14919
14919
14919
14919
14919
14919
14919
14919
14919
14919
14919
14919
14919
14919
14919
14919
14919
14919
14919
14919
14919
14919
14919
14919
14919
14919
14919
14919
14919
14919
14919
14919
14919
14919
14919
14919
14919
14919
14919
14919
14919
14919
14919
14919
14919
14919
14919
14919
14919
14919
14919
14919
14919
14919
14919
14919
14919
14919
14919
14919
14919
14919
14919
14919
14919
14919
14919
14919
14919
14919
14919
14919
14919
14919
14919
14919
14919
14919
14919
14919
14919
14919
14919
14919
14919
14919
