16487
967
9776
967
4325
432
9776
967
1757
13116
9776
967
4325
432
1596
16187
8761
9100
3580
16471
8761
9100
4831
5929
4765
5929
15729
17138
12101
11078
1903
5715
4670
2807
12466
11507
14229
962
16501
17138
7517
8439
16103
16012
3780
2807
12466
11507
10146
1620
12466
5763
16221
962
14618
9753
17053
14521
17488
14138
11658
7828
595
3030
11658
7828
4572
11568
5688
13602
12043
404
3047
6193
12361
2852
3047
6193
3047
6193
3047
6257
10107
2718
2204
5637
12361
2852
3047
8797
2658
9302
11116
3254
13156
11764
11116
3254
2658
9302
9106
11472
4971
5352
10401
128
4243
17533
3481
11833
15221
9076
2824
5536
12054
11789
17569
10381
4301
8411
17569
10381
17569
10381
17569
10381
12054
13119
1414
3866
7293
4352
2276
6990
16389
5288
12257
13008
15637
9753
12977
17272
17488
9978
2791
6486
10530
9978
11978
3480
9609
14643
16547
3233
7644
12925
10725
4999
2317
17308
8428
17549
14986
5723
17195
3335
1140
2403
1253
12781
12023
7791
9231
8854
11775
3414
5513
13505
2128
6127
10241
4890
1486
2020
4055
12330
6405
2527
139
1189
9498
9918
7116
9892
1332
7014
4913
666
15871
15474
10971
16059
15871
2765
275
12847
4589
2765
8864
8986
12915
3500
4275
10628
2378
12971
8657
9781
1193
11951
15306
11951
6162
14341
13606
1648
10828
10382
14314
2499
11471
4811
11213
7671
5097
16433
13910
129
15521
16433
5859
4696
14428
17755
1016
4696
14428
17755
1016
4696
9514
