4718
251
37
107
65
90
37
107
88
411
226
441
1
166
254
40
94
356
93
350
28
351
93
350
28
351
14
227
28
351
93
350
94
356
254
40
94
356
93
350
445
203
183
248
71
675
993
1885
3
3315
93
2689
3995
3249
830
4101
2923
3942
212
1609
882
3942
1635
1190
2168
915
3044
108
378
356
254
40
57
68
187
38
78
274
254
40
78
274
187
38
282
91
187
38
36
306
688
355
36
306
688
355
327
3919
2114
115
3301
1723
257
182
78
274
257
1893
36
778
3866
4532
4412
69
4854
451
4479
800
1631
3745
4479
2251
2950
2624
2492
2624
1042
4785
2950
3640
2688
1544
1304
2447
2688
1084
637
3640
3349
4935
7
1754
1754
1754
1754
1754
1754
1754
1754
1754
1754
1754
1754
1754
1754
1754
1754
1754
1754
1754
1754
1754
1754
1754
1754
1754
1754
1754
1754
1754
1754
1754
1754
1754
1754
1754
1754
1754
1754
1754
1754
1754
1754
1754
1754
1754
1754
1754
1754
1754
1754
1754
1754
1754
1754
1754
1754
1754
1754
1754
1754
1754
1754
1754
1754
1754
1754
1754
1754
1754
1754
1754
1754
1754
1754
1754
1754
1754
1754
1754
1754
1754
1754
1754
1754
1754
1754
1754
1754
1754
1754
1754
1754
1754
1754
1754
1754
1754
1754
1754
1754
1754
1754
1754
1754
1754
1754
1754
1754
1754
1754
