4718
251
37
107
65
90
65
90
430
32
88
411
226
441
88
411
430
32
65
90
65
90
37
107
101
106
338
196
88
411
37
107
101
106
338
196
3104
68
226
441
1
166
84
45
1
166
84
45
475
55
84
45
475
55
475
55
475
55
2106
4113
4724
4437
430
32
88
411
37
107
101
106
4812
4448
4724
411
4228
1649
4363
2562
4399
38
78
274
187
4295
1002
2562
338
196
57
68
4399
2643
630
3244
3988
4061
2874
4928
1914
4701
3439
2639
3135
4212
1836
2627
4232
4232
4232
4232
4232
4232
4232
4232
4232
4232
4232
4232
4232
4232
4232
4232
4232
4232
4232
4232
4232
4232
4232
4232
4232
4232
4232
4232
4232
4232
4232
4232
4232
4232
4232
4232
4232
4232
4232
4232
4232
4232
4232
4232
4232
4232
4232
4232
4232
4232
4232
4232
4232
4232
4232
4232
4232
4232
4232
4232
4232
4232
4232
4232
4232
4232
4232
4232
4232
4232
4232
4232
4232
4232
4232
4232
4232
4232
4232
4232
4232
4232
4232
4232
4232
4232
4232
4232
4232
4232
4232
4232
4232
4232
4232
4232
4232
4232
4232
4232
4232
4232
4232
4232
4232
4232
4232
4232
4232
4232
4232
4232
4232
4232
4232
4232
4232
4232
4232
4232
4232
4232
4232
4232
4232
4232
4232
4232
4232
4232
4232
4232
4232
4232
4232
4232
4232
4232
4232
4232
4232
4232
4232
4232
4232
