4718
251
37
107
101
106
113
278
310
22
303
179
303
179
303
179
310
22
310
22
110
139
110
139
310
22
303
179
303
3780
3812
913
2313
4082
3654
722
1178
3472
1006
146
448
146
303
179
2935
3277
1244
470
3872
1725
1674
3876
3872
1725
1674
1757
2124
2547
325
566
445
203
93
350
445
3597
1412
4877
4893
757
2579
38
57
68
254
40
57
68
187
4295
1002
91
338
196
57
68
2568
4295
2400
3380
2673
63
2365
3609
2673
3087
282
2562
338
196
88
411
430
32
475
55
475
55
84
45
319
18
283
108
28
351
14
227
28
351
283
108
28
351
93
350
28
351
262
232
79
244
79
244
79
244
14
227
28
351
262
232
28
351
262
232
79
244
79
244
79
244
262
232
79
244
79
244
14
227
319
18
319
18
319
18
319
18
319
18
283
108
319
18
319
18
14
227
28
351
262
232
135
258
262
232
28
351
283
108
28
351
14
227
14
227
319
18
84
45
319
18
84
45
84
45
930
166
84
45
84
45
319
18
283
108
319
18
319
18
283
108
452
4627
283
108
319
18
283
108
319
18
84
45
84
45
1
166
254
40
1
166
283
108
1
166
283
108
1
166
84
