4718
251
37
107
65
90
109
51
65
90
65
90
430
32
475
55
226
441
1
166
84
45
1
166
84
45
84
45
84
45
1
166
283
108
319
18
84
45
84
45
475
55
226
441
1
166
226
441
1
166
254
40
57
68
226
441
57
68
226
441
475
55
84
45
84
45
319
18
283
108
94
356
254
40
1
166
283
108
319
18
283
108
28
351
283
108
28
351
14
227
14
227
14
227
28
351
93
350
28
351
283
108
319
18
319
18
283
108
94
356
283
108
94
356
254
39
1
166
84
45
319
18
14
227
28
351
262
232
79
244
262
232
262
232
262
232
262
232
135
258
93
350
28
351
14
227
319
18
14
227
14
227
28
351
14
227
319
18
283
108
28
351
14
227
14
227
319
18
84
45
1
166
254
40
1
166
226
441
1
166
226
441
475
55
430
408
3706
4207
3321
935
1668
4875
691
107
65
90
109
51
109
51
178
251
178
251
37
107
88
411
430
32
88
411
338
196
57
68
254
40
1
166
226
441
2599
1682
3851
4501
2699
2510
907
2242
910
3697
4817
3699
910
83
2371
2242
910
83
530
2743
2874
221
2674
1330
2142
2948
3627
30
327
