4718
251
109
51
109
51
109
51
109
51
109
51
65
90
109
51
178
251
37
107
88
411
37
107
88
411
37
107
65
90
430
32
65
90
37
107
88
411
430
32
430
32
65
90
65
90
109
51
109
51
109
51
178
251
110
139
178
251
109
51
178
251
110
139
310
22
110
139
178
251
110
139
310
22
110
139
101
106
110
139
101
106
113
278
310
22
110
139
110
139
101
106
37
107
178
251
110
139
101
106
110
139
110
139
101
106
113
278
169
181
298
239
169
558
303
179
448
292
3909
1071
4819
4327
1679
4442
4650
216
1462
2455
954
2863
3436
3297
2748
2335
2287
3297
763
624
2205
631
2748
3220
3947
4311
3583
4435
2117
181
113
265
310
22
3649
2015
4751
558
2499
3914
3488
4731
4558
4592
4326
4731
3862
3914
2093
2116
4336
2821
4453
569
3008
4312
2876
2475
2346
1820
1139
2292
4544
3671
3175
2326
2724
1556
2491
2540
3855
1879
633
273
234
482
52
347
234
482
633
273
688
355
633
273
298
239
448
146
298
239
169
181
58
63
169
181
58
63
282
91
338
196
57
68
338
196
88
411
430
32
430
3939
4030
4781
2341
2916
1130
3879
2149
4123
169
3651
298
3721
97
4694
6
2543
365
343
365
