4718
251
37
107
65
90
430
32
88
411
338
196
57
68
338
196
88
411
226
441
1
166
84
45
1
166
226
441
475
55
84
45
84
45
475
55
226
441
57
68
187
38
57
68
226
441
475
55
430
32
65
90
37
107
65
90
37
107
65
90
430
32
88
411
430
32
475
55
475
55
226
441
475
55
475
55
430
32
65
90
37
107
101
106
113
278
310
22
310
22
110
139
110
139
310
22
310
22
303
179
310
22
303
179
303
179
169
181
113
278
101
106
110
139
310
22
110
139
310
22
113
278
282
91
338
196
101
106
113
278
282
91
187
38
282
91
338
196
57
68
226
441
57
68
254
40
2368
274
187
38
57
68
4399
4295
57
68
2568
38
3431
1725
1674
3876
4269
4269
4269
4269
4269
4269
4269
4269
4269
4269
4269
4269
4269
4269
4269
4269
4269
4269
4269
4269
4269
4269
4269
4269
4269
4269
4269
4269
4269
4269
4269
4269
4269
4269
4269
4269
4269
4269
4269
4269
4269
4269
4269
4269
4269
4269
4269
4269
4269
4269
4269
4269
4269
4269
4269
4269
4269
4269
4269
4269
4269
4269
4269
4269
4269
4269
4269
4269
4269
4269
4269
4269
4269
4269
4269
4269
4269
4269
4269
4269
4269
4269
4269
4269
4269
4269
4269
4269
4269
