4718
251
178
251
37
107
178
251
109
51
109
51
65
90
37
107
101
106
338
196
101
106
37
107
101
106
37
107
65
90
430
32
430
32
430
32
65
90
65
90
65
90
65
90
430
32
2920
411
226
441
88
411
37
107
101
106
110
139
110
139
2427
22
310
22
113
278
282
91
338
196
57
68
226
441
1
166
226
441
57
68
226
441
1
166
283
108
1
166
226
441
57
68
187
38
57
68
3860
1641
57
1682
3887
2080
2599
1682
3887
2395
1069
2705
338
196
1991
3088
47
278
3072
181
303
179
303
2575
310
22
113
654
2427
671
4650
4378
1422
241
4752
2945
4300
4152
628
628
628
628
628
628
628
628
628
628
628
628
628
628
628
628
628
628
628
628
628
628
628
628
628
628
628
628
628
628
628
628
628
628
628
628
628
628
628
628
628
628
628
628
628
628
628
628
628
628
628
628
628
628
628
628
628
628
628
628
628
628
628
628
628
628
628
628
628
628
628
628
628
628
628
628
628
628
628
628
628
628
628
628
628
628
628
628
628
628
628
628
628
628
628
628
628
628
628
628
628
628
628
628
628
628
628
628
628
628
628
628
628
628
628
628
628
