333226
290517
101600
16563
163034
195917
179303
334045
290517
237794
321255
129164
88874
312241
290517
101600
51299
265825
71836
21637
117097
204415
293067
263098
106398
54926
12330
255449
236480
192551
111437
283908
211756
141050
194783
81565
95165
248137
218461
109389
246189
302539
139119
41195
137300
161718
157782
284638
177144
160942
1751
95115
127620
278419
171099
18380
181534
38405
91929
7616
52862
197347
115238
7180
175350
118662
290517
187852
129164
190845
290517
129915
321255
237499
53646
122963
290517
56389
310429
290517
182903
310429
290517
101600
111187
295610
32078
21637
104121
33835
182517
91420
293810
272683
152331
165561
16855
266263
308947
107941
111437
231335
45378
293230
221488
125628
90402
210145
249552
195456
20163
3899
182849
283091
205989
276510
218105
174944
180297
96352
209397
263459
260670
122229
230865
45521
133646
86253
307932
180233
1674
105683
262796
295887
93387
68788
27113
133516
188918
234865
119152
236770
87342
109511
194485
176490
153421
65091
269490
188943
284185
34193
187019
230799
337474
45728
233643
110134
199088
154742
188914
234672
167047
323771
178202
85576
131992
237774
262311
90469
46926
100552
235455
18172
309428
8805
250186
185170
211387
230732
322941
203721
127812
183899
178716
97448
313826
120786
107322
272536
299278
81831
242814
310201
51900
279276
336891
126166
7852
83209
137
67350
112003
241483
30766
4404
41653
140558
300302
99744
129937
259007
78099
96435
217878
95730
257217
186189
114675
116539
90402
300963
58801
122985
322131
60807
213629
173168
189219
108340
136893
191245
120585
150149
70752
87040
216780
2157
252193
177758
175117
119042
79393
238828
155587
171246
194503
230023
282504
233454
23025
