333226
290517
240413
213529
227687
310842
285211
125008
111782
9684
12044
293810
157379
165561
40085
217505
289164
186280
266263
263509
268946
157798
236370
259060
126062
51934
129606
227920
152102
41612
7044
323217
112317
143017
68837
182893
165595
130146
290517
240413
190845
290517
182903
215122
181038
283792
29511
318521
107061
221989
171022
91440
145383
172542
44347
55817
130063
96469
144387
165765
129314
31415
302159
205354
72440
102468
71087
40916
298964
260265
211685
323217
181209
114935
159382
169335
202670
185353
282527
257090
41868
271791
40291
271791
116554
286576
316624
245572
19746
241830
272143
49806
239653
68924
228248
261797
123469
188918
133516
195655
78533
109331
8635
88448
263416
13041
139196
2406
94206
78425
271739
242424
133809
207398
166228
327679
125338
186206
56879
154676
269752
49966
71331
4993
6943
167623
6943
294617
320302
199734
1376
52458
235044
211693
224294
59698
185777
136071
228850
148135
309062
266902
167202
10762
293974
4788
44970
303888
34434
174939
197197
245020
196764
245020
134431
254798
86655
337882
280287
43376
218945
169688
218774
27381
81974
59626
168922
31821
55596
288472
81745
19418
185754
2565
72668
120974
195815
104550
176283
243860
28219
242444
115285
97763
321120
289782
60069
305549
184874
295572
157330
156941
268494
57432
170385
148649
83731
23367
227982
136162
84411
35249
129085
244012
77876
130593
40298
86772
285454
275736
57844
98520
250349
259365
250349
13252
36332
34847
315348
152558
263465
94547
299853
184093
210450
297819
322321
129825
69803
265496
265496
265496
265496
265496
265496
265496
265496
265496
265496
265496
265496
265496
265496
265496
265496
265496
265496
265496
265496
265496
265496
