333226
290517
101600
190845
290517
182903
289862
222365
195917
275070
316661
290517
258950
310429
290517
56389
284949
178256
122963
290517
101600
310429
290517
258950
195917
222365
173758
155878
149510
266115
11977
40743
57738
228969
57738
254972
146365
165800
212156
292623
102365
9695
319193
7249
197153
44838
126235
228569
27736
1574
6970
293877
228427
99368
10647
6184
94167
42192
266644
297504
108861
297504
241506
133225
238
65586
142280
290978
330958
204965
239122
265036
237671
207886
80184
72979
187332
323813
140050
219098
174522
161119
60307
83289
210659
211536
110218
275367
130124
230594
173999
252903
304876
107667
51871
284225
284225
284225
284225
284225
284225
284225
284225
284225
284225
284225
284225
284225
284225
284225
284225
284225
284225
284225
284225
284225
284225
284225
284225
284225
284225
284225
284225
284225
284225
284225
284225
284225
284225
284225
284225
284225
284225
284225
284225
284225
284225
284225
284225
284225
284225
284225
284225
284225
284225
284225
284225
284225
284225
284225
284225
284225
284225
284225
284225
284225
284225
284225
284225
284225
284225
284225
284225
284225
284225
284225
284225
284225
284225
284225
284225
284225
284225
284225
284225
284225
284225
284225
284225
284225
284225
284225
284225
284225
284225
284225
284225
284225
284225
284225
284225
284225
284225
284225
284225
284225
284225
284225
284225
284225
284225
284225
284225
284225
284225
284225
284225
284225
284225
284225
284225
284225
284225
284225
284225
284225
284225
284225
284225
284225
284225
284225
284225
284225
284225
284225
284225
284225
284225
284225
284225
284225
284225
284225
284225
284225
284225
284225
284225
284225
284225
284225
284225
284225
284225
284225
284225
284225
284225
284225
284225
