333226
290517
198812
120295
213529
289862
261180
282872
58367
208660
39430
90780
35438
278517
82059
200887
290517
101600
154607
290517
258950
290849
25880
195917
145021
243946
182517
228280
272683
38777
44931
85415
184803
205320
308947
107941
302831
215492
168063
117970
196406
97249
67101
123285
23503
122103
2045
166862
191141
63567
136209
169390
271085
151232
12901
8872
89055
230675
107964
230271
174843
328993
89238
30259
125022
185277
273722
286153
242926
122086
138515
330604
123622
176918
190642
191882
204897
4567
19476
25643
15276
68908
56270
157741
117765
252903
62109
307313
99674
49634
187909
144333
77914
3317
257016
90562
176766
131081
169067
222762
19731
109876
262318
136059
175088
34201
139718
304820
13940
54
112707
232773
138950
174968
284279
90982
222598
69315
186256
113320
11636
265248
53058
334164
19160
180852
74312
313647
41652
167493
15468
307707
281655
290920
213750
73824
4645
151326
204611
72684
9632
304908
234288
27072
212405
117503
125312
101475
311789
11173
220812
5470
81146
76147
23572
183934
83771
39126
224238
197643
313373
95228
251106
313696
233461
97059
47695
227773
257120
263546
187237
24604
21955
208546
14461
24216
131942
326030
164858
191450
155086
48232
301723
281137
290882
66930
204404
152010
136082
16488
77051
278225
68746
79880
19332
251551
237215
193719
75812
176252
213677
230797
92599
140979
97171
128444
137314
60885
179452
187649
298345
220836
197766
183022
125816
259047
24275
51130
11108
29035
210060
108504
271652
319234
205856
144674
164416
224087
152476
135452
220288
150335
287767
2387
261004
42681
216261
183000
43512
78924
163572
26431
119156
99495
177655
117839
258468
256347
89570
146251
110079
