333226
290517
189773
289862
129164
213529
173758
162868
266115
184828
101587
258413
272780
254972
146365
30060
5998
102365
264129
8762
8520
72440
161437
296177
107422
293826
206048
133314
323778
230766
99794
181110
112301
78720
186071
38268
179348
21903
114180
195083
194846
314367
121162
180741
283406
212165
16760
29197
306421
241348
233895
334113
51487
291845
208635
191242
290929
130900
159745
191377
302655
20667
106528
153799
27493
61226
199193
107074
242428
81566
325446
325446
325446
325446
325446
325446
325446
325446
325446
325446
325446
325446
325446
325446
325446
325446
325446
325446
325446
325446
325446
325446
325446
325446
325446
325446
325446
325446
325446
325446
325446
325446
325446
325446
325446
325446
325446
325446
325446
325446
325446
325446
325446
325446
325446
325446
325446
325446
325446
325446
325446
325446
325446
325446
325446
325446
325446
325446
325446
325446
325446
325446
325446
325446
325446
325446
325446
325446
325446
325446
325446
325446
325446
325446
325446
325446
325446
325446
325446
325446
325446
325446
325446
325446
325446
325446
325446
325446
325446
325446
325446
325446
325446
325446
325446
325446
325446
325446
325446
325446
325446
325446
325446
325446
325446
325446
325446
325446
325446
325446
325446
325446
325446
325446
325446
325446
325446
325446
325446
325446
325446
325446
325446
325446
325446
325446
325446
325446
325446
325446
325446
325446
325446
325446
325446
325446
325446
325446
325446
325446
325446
325446
325446
325446
325446
325446
325446
325446
325446
325446
325446
325446
325446
325446
325446
325446
325446
325446
325446
325446
325446
325446
325446
325446
325446
325446
325446
325446
325446
325446
325446
325446
325446
325446
325446
325446
325446
325446
325446
325446
325446
