333226
290517
187852
129164
213529
227687
214724
21637
124042
52637
318342
146855
112427
4983
285094
51294
326565
128520
297316
37922
99527
300379
121412
109311
65027
93510
310236
174465
140516
225574
167435
210456
71097
247114
229228
316861
146672
92479
286720
5859
41837
40377
95036
195751
158574
125894
16226
45084
102892
296835
20716
224295
286293
160742
62379
208344
88856
318284
244671
117294
163153
122789
62906
332879
209994
207799
50681
139622
283788
20036
20036
20036
20036
20036
20036
20036
20036
20036
20036
20036
20036
20036
20036
20036
20036
20036
20036
20036
20036
20036
20036
20036
20036
20036
20036
20036
20036
20036
20036
20036
20036
20036
20036
20036
20036
20036
20036
20036
20036
20036
20036
20036
20036
20036
20036
20036
20036
20036
20036
20036
20036
20036
20036
20036
20036
20036
20036
20036
20036
20036
20036
20036
20036
20036
20036
20036
20036
20036
20036
20036
20036
20036
20036
20036
20036
20036
20036
20036
20036
20036
20036
20036
20036
20036
20036
20036
20036
20036
20036
20036
20036
20036
20036
20036
20036
20036
20036
20036
20036
20036
20036
20036
20036
20036
20036
20036
20036
20036
20036
20036
20036
20036
20036
20036
20036
20036
20036
20036
20036
20036
20036
20036
20036
20036
20036
20036
20036
20036
20036
20036
20036
20036
20036
20036
20036
20036
20036
20036
20036
20036
20036
20036
20036
20036
20036
20036
20036
20036
20036
20036
20036
20036
20036
20036
20036
20036
20036
20036
20036
20036
20036
20036
20036
20036
20036
20036
20036
20036
20036
20036
20036
20036
20036
20036
20036
20036
20036
20036
20036
20036
20036
