333226
290517
101600
310429
290517
240413
154607
290517
101600
154607
290517
240413
179790
289862
88874
156064
261180
301307
2718
51858
290517
101600
154607
290517
53646
154607
290517
127166
154607
290517
101600
120295
16563
227687
170643
78236
34101
203439
84239
35205
314436
248537
57863
28255
294789
327684
164062
286643
127025
263102
40533
322882
260683
280766
290845
108458
176078
144142
160567
276792
266546
308760
78931
307342
100078
155710
178951
241530
218101
95943
308871
17679
290517
240413
310429
290517
258950
310429
290517
258950
310429
290517
237794
284949
53646
228659
291196
11663
239496
10009
91420
145843
120324
106329
45050
125901
245033
39315
229595
62006
186476
302159
163031
219285
162802
184138
41008
260028
315887
142975
80828
47836
43482
205447
254042
274069
106342
330232
243467
21999
271689
67528
68569
292366
39393
119687
9078
141219
7639
34590
71751
313133
216314
223401
51895
238170
125155
307071
159015
101312
154514
11508
162026
78194
142050
109937
23371
94566
137696
223696
228277
145121
86113
226858
17028
60220
337053
337053
337053
337053
337053
337053
337053
337053
337053
337053
337053
337053
337053
337053
337053
337053
337053
337053
337053
337053
337053
337053
337053
337053
337053
337053
337053
337053
337053
337053
337053
337053
337053
337053
337053
337053
337053
337053
337053
337053
337053
337053
337053
337053
337053
337053
337053
337053
337053
337053
337053
337053
337053
337053
337053
337053
337053
337053
337053
337053
337053
337053
337053
337053
337053
337053
337053
337053
337053
337053
337053
337053
337053
337053
337053
337053
337053
337053
337053
337053
337053
337053
337053
337053
337053
337053
337053
337053
337053
337053
337053
337053
337053
337053
337053
