333226
290517
101600
107472
53646
190845
290517
182903
321255
34186
301030
272916
73811
239958
69297
97273
79156
21539
296809
67586
291177
37866
64913
263509
32401
310048
323026
207028
213302
242736
43660
54005
270717
153919
194997
180842
18065
285257
117395
126141
290517
129915
154607
290517
187852
289862
222365
148209
27927
166269
243247
19136
88502
15136
118242
292771
71392
156830
70524
181427
91989
330555
246818
232106
78614
80331
255318
198260
104533
189856
149361
44750
326618
112317
326618
18255
308760
62413
244207
164086
237223
222095
225812
127172
309525
86819
65728
7616
78224
136932
4053
27223
48661
252141
36977
297600
121711
188918
292906
64602
84140
182395
296840
56475
186850
66688
73863
52385
45361
40151
18644
52104
106864
147061
157075
66920
276947
42528
174386
143274
269390
260426
29044
292793
14435
239590
301395
46673
330301
60115
110802
156603
198254
117080
213847
88272
326326
22619
10824
317043
304108
195123
249685
204062
307594
85837
101784
35318
113110
292620
174893
79517
1892
218522
102376
272890
250301
323634
311845
200488
119960
163324
106139
308178
143125
24338
101405
63124
238744
17061
334108
219324
83492
236372
39423
235796
90425
84770
239208
207048
241594
18896
79908
160656
24976
57483
232473
171373
194909
50083
11637
81422
116985
317278
4984
208417
208860
313746
160372
279816
132409
31783
152675
62705
296846
192757
301
108342
23727
260123
299573
126269
21576
182710
186795
255645
233538
222851
133919
215611
321979
22509
241676
9988
207271
108152
116820
139757
37221
291516
295871
295871
295871
295871
295871
295871
295871
295871
295871
295871
295871
295871
295871
295871
295871
295871
295871
295871
295871
295871
295871
