16487
967
4325
432
7568
8755
17488
9753
17053
2892
14618
3182
15623
2294
1043
7913
5385
6225
9589
13122
15940
16505
9661
15538
5659
15302
5659
15302
12298
12907
5659
15302
12298
13122
11992
6323
11467
16677
5659
15302
12298
12907
2038
290
10741
700
14307
6299
3955
17238
5229
14730
3955
17238
5229
14730
5844
14014
59
3204
13878
818
6479
6374
16220
4676
7470
6780
9088
12039
14081
13874
11528
13867
13223
6408
12131
13752
2222
10306
3583
86
415
15821
10747
7536
5417
5417
5417
5417
5417
5417
5417
5417
5417
5417
5417
5417
5417
5417
5417
5417
5417
5417
5417
5417
5417
5417
5417
5417
5417
5417
5417
5417
5417
5417
5417
5417
5417
5417
5417
5417
5417
5417
5417
5417
5417
5417
5417
5417
5417
5417
5417
5417
5417
5417
5417
5417
5417
5417
5417
5417
5417
5417
5417
5417
5417
5417
5417
5417
5417
5417
5417
5417
5417
5417
5417
5417
5417
5417
5417
5417
5417
5417
5417
5417
5417
5417
5417
5417
5417
5417
5417
5417
5417
5417
5417
5417
5417
5417
5417
5417
5417
5417
5417
5417
5417
5417
5417
5417
5417
5417
5417
5417
5417
5417
5417
5417
5417
5417
5417
5417
5417
5417
5417
5417
5417
5417
5417
5417
5417
5417
5417
5417
5417
5417
5417
5417
5417
5417
5417
5417
5417
5417
5417
5417
5417
5417
5417
5417
5417
5417
5417
5417
5417
5417
5417
5417
5417
5417
5417
5417
5417
5417
5417
5417
5417
5417
5417
5417
5417
