16487
967
4325
432
6461
8366
9441
3771
2552
1224
9441
3771
3334
1620
13064
404
384
3483
2914
8567
3977
4314
1207
8865
11842
1654
7713
6805
354
6811
387
6122
17801
4493
15232
10341
15296
16217
8550
10341
5206
4524
91
12486
1247
4035
12122
5087
16413
510
9909
4035
5507
3315
5206
16971
7167
12341
11578
4524
91
12486
5206
8282
14797
3674
16888
4517
12789
4061
13730
10022
16078
15464
15478
16552
17446
2599
16616
16941
16616
12156
9243
7931
6568
12156
6568
16941
5289
12356
11578
4524
1205
3315
1205
3315
6188
17067
6188
17067
6188
14247
13104
14247
16575
16955
8346
13854
10924
9721
13104
14247
16575
15447
702
15266
15371
133
702
5405
13897
17030
3903
10963
12251
2101
702
5405
6826
15447
6188
17067
6826
8830
12458
3888
2444
3728
7747
14998
14498
3041
7614
6703
5483
12355
2789
5087
16413
510
6979
4771
2708
13524
780
13325
10664
7663
14449
13325
10664
13524
4291
6472
2708
10933
5382
1410
14045
2620
5745
2325
2537
2626
6479
16546
14583
16565
1935
10430
4201
6322
9941
935
14624
7721
12429
7876
13240
1186
1623
7769
7968
8404
8169
15357
294
294
294
294
294
294
294
294
294
294
294
294
294
294
294
294
294
294
294
294
294
294
294
294
294
294
294
294
294
294
294
294
294
294
294
294
294
294
294
294
294
294
294
294
294
294
294
294
294
294
294
294
294
294
294
