16487
967
4325
432
1596
4634
17360
2742
1596
4634
4325
432
6461
8366
9441
3771
3334
1980
16456
7421
6591
3957
7272
12931
8983
12418
12247
12861
15819
5668
17787
8041
11479
5789
15025
5264
7906
5668
17668
14022
12164
3445
4991
5066
8522
5208
10490
5066
8522
5208
9280
12861
8228
3233
4991
15513
8228
14929
4825
15073
5695
2277
6604
757
14906
15988
15842
12084
13393
12346
14584
16447
3391
16461
16462
628
6490
3418
3073
3505
3073
3505
2432
8812
3073
3679
12036
512
12036
8812
2432
8812
2432
512
597
12552
6981
12827
16380
10482
15785
1950
4705
7895
7073
10897
627
3173
2311
10897
15842
17762
11179
7257
17464
16262
3746
2267
1506
758
12884
3959
4233
3779
3138
3138
3138
3138
3138
3138
3138
3138
3138
3138
3138
3138
3138
3138
3138
3138
3138
3138
3138
3138
3138
3138
3138
3138
3138
3138
3138
3138
3138
3138
3138
3138
3138
3138
3138
3138
3138
3138
3138
3138
3138
3138
3138
3138
3138
3138
3138
3138
3138
3138
3138
3138
3138
3138
3138
3138
3138
3138
3138
3138
3138
3138
3138
3138
3138
3138
3138
3138
3138
3138
3138
3138
3138
3138
3138
3138
3138
3138
3138
3138
3138
3138
3138
3138
3138
3138
3138
3138
3138
3138
3138
3138
3138
3138
3138
3138
3138
3138
3138
3138
3138
3138
3138
3138
3138
3138
3138
3138
3138
3138
3138
3138
3138
3138
3138
3138
3138
3138
3138
3138
3138
3138
3138
3138
3138
3138
3138
