16487
967
9776
967
17360
2742
1596
4634
1596
16187
9273
3247
15272
17192
11201
17192
15347
9525
17685
5449
15347
15348
8207
14419
16302
16735
16302
16735
16302
16735
16302
16735
15749
13819
16302
16735
14905
14419
16302
1021
8207
6120
12474
6005
17602
6120
12913
5887
2660
2215
3977
10095
16811
8567
3977
10095
9685
5577
3977
10095
9685
5577
386
15187
3709
1291
10271
5637
16451
1291
8276
9260
359
7658
7668
5944
10972
1721
7668
5944
10972
1721
10972
1721
8276
9260
8878
5522
15906
11118
14502
5737
5639
7489
5013
15662
7101
12897
12244
2011
15143
12927
13007
4159
15143
12927
16590
2011
6480
1222
14550
15899
15193
7097
7924
14888
2529
14772
7924
14888
2529
14772
12244
2607
6955
5854
10481
2300
16924
10834
7752
15447
5206
4524
8550
3674
16888
602
16013
13640
7356
8002
5864
10289
11589
10369
5641
489
4523
8241
4523
8241
9243
2599
17446
7125
17801
4493
387
6855
5794
10022
5925
9731
15213
2309
7283
2955
4883
14044
6979
15828
16220
4676
6346
12550
14641
1104
6346
6989
5507
4108
3425
6989
12034
17522
3425
12005
9031
3928
9031
10134
7544
4259
15554
1120
3018
7905
11458
13348
10833
11914
9682
3159
10833
7940
10855
8504
8985
11015
3288
11262
8076
16939
13666
7227
7093
10466
10668
9520
17176
5842
13893
15430
17
17209
17
17209
13707
9369
17617
14811
5833
7514
4732
1141
4667
15034
14240
2769
16668
7355
4018
5553
8056
11262
8076
251
8994
7099
13633
