13328
17232
13328
12346
13090
12346
13090
7863
271
12721
10489
7863
271
17185
17410
865
7135
15333
17839
2789
8561
16719
5907
5639
14208
5639
16574
6970
16914
2630
8551
903
13851
11766
10901
11746
6279
11746
14560
11237
14560
9381
9182
1094
17629
12985
6964
14405
6040
6029
13087
4854
12128
345
17899
11148
9484
5941
10658
1423
10658
1423
9697
8428
9697
8690
14761
215
15513
15152
17738
5616
17738
17187
15984
17187
9562
325
14647
6068
15126
15966
17406
15966
17406
6140
14063
17150
14063
15129
17728
7530
10517
9670
11184
13116
2014
482
14978
2975
13573
8359
15434
334
4766
9649
17876
10368
5257
191
14366
8712
13383
5956
4450
10206
1627
1221
11986
12466
17832
15621
10107
12963
703
14109
14322
15527
12428
7537
15441
3443
10111
2609
7940
17177
8197
15686
17291
5088
12693
11050
14173
15989
15137
15351
3624
11462
9772
16645
2405
17971
3047
5093
16957
6796
16330
3997
12929
17929
10778
7438
17275
14147
15422
8438
14737
10703
12098
17897
16465
10446
15932
16828
6843
9004
7774
13628
746
17970
17835
1471
304
15625
16520
13466
13402
12492
17794
16543
11424
13406
16993
17061
5538
6471
12857
11333
17499
13741
17644
13189
16054
955
8781
13185
13141
15319
17212
2567
17006
4356
11169
224
7682
319
8803
13006
8484
1813
17872
11736
13966
15921
8799
42
12337
11018
7799
4439
17922
4369
16728
10565
7253
13749
7490
14770
11693
10235
17631
17950
5549
11299
17335
8989
2611
7232
6692
16975
9572
